6
7,12,13,10,
1
8,24,
2
0,0,
10,18,
R
4
11,20,0,
13,22,0,
9,22,0,
13,21,0,
4
14,18,0,
8,21,0,
13,17,0,
12,16,0,
1
A,5,0,13,20,0,
1
D,0,14,15,0,
1
S,0,8,22,0,
0
1
32,9,6,7,
2
35,9,
38,12,
1
35,12,
R
1
36,12,0,
1
37,13,0,
0
1
H,0,37,10,0,
1
S,0,34,12,0,
0
0
52,16,6,14,
3
55,21,
52,17,
63,16,
2
0,0,
59,18,
h
63,16,
R
2
62,19,0,
58,18,0,
2
54,19,0,
62,20,0,
0
0
0
0
0
80,16,13,9,
1
88,21,
2
0,0,
85,18,
E
0
0
0
9
D,0,87,17,0,
D,0,87,19,0,
D,0,84,17,0,
S,0,83,25,0,
D,0,82,21,0,
D,0,83,25,0,
H,0,84,25,0,
H,0,86,22,0,
D,0,87,23,0,
0
0
0
100,19,10,7,
2
106,24,
104,28,
2
0,0,
102,26,
R
2
102,22,0,
104,24,0,
2
102,25,0,
101,20,0,
1
A,5,0,103,22,0,
1
S,0,104,21,0,
0
4
D,103,24,5,1679589365,1,
F,102,24,10,1367659843,1,
F,102,24,10,1367659843,1,
D,104,23,5,1679589365,1,
0
128,17,14,11,
1
129,30,
1
135,24,
R
5
131,22,0,
130,21,0,
132,27,0,
130,23,0,
134,28,0,
5
137,22,0,
129,20,0,
137,23,0,
130,20,0,
134,23,0,
1
S,10,0,137,19,0,
0
1
N,0,132,18,0,
6
D,135,19,5,1679589365,1,
F,136,20,10,1367659843,1,
F,132,19,10,1367659843,1,
F,134,25,10,1367659843,1,
D,130,22,5,1679589365,1,
F,130,28,10,1367659843,1,
0
