6
14,15,10,10,
1
23,23,
2
0,0,
18,17,
R
3
16,20,0,
17,17,0,
20,20,0,
3
17,19,0,
20,23,0,
18,18,0,
0
1
S,0,21,16,0,
2
N,0,22,17,0,
M,0,21,18,0,
0
1
38,17,14,11,
2
38,18,
45,17,
1
41,23,
R
5
46,22,0,
41,23,0,
44,24,0,
46,23,0,
42,24,0,
5
41,20,0,
43,24,0,
42,20,0,
43,19,0,
42,19,0,
1
W,15,0,41,22,0,
1
D,0,41,21,0,
2
N,0,45,25,0,
S,0,44,18,0,
5
D,43,22,5,-707801148,1,
F,45,24,10,-1179668580,1,
F,42,22,10,-1179668580,1,
D,42,22,5,-707801148,1,
F,41,19,10,-1179668580,1,
0
60,15,9,6,
3
65,19,
60,20,
61,15,
1
62,19,
h
60,20,
R
1
62,20,0,
1
61,21,0,
0
1
H,0,62,22,0,
1
N,0,64,16,0,
0
0
77,14,9,7,
1
82,22,
2
0,0,
79,18,
E
0
0
0
5
H,0,79,21,0,
H,0,80,19,0,
S,0,78,20,0,
S,0,82,16,0,
H,0,79,16,0,
0
0
0
100,17,9,8,
2
107,19,
100,18,
1
105,21,
R
2
105,20,0,
102,22,0,
2
105,24,0,
105,24,0,
0
0
1
N,0,101,21,0,
0
0
124,23,7,13,
1
136,28,
1
126,26,
R
3
131,26,0,
133,25,0,
131,25,0,
3
129,25,0,
128,27,0,
128,25,0,
1
A,5,0,135,24,0,
1
S,0,134,28,0,
2
N,0,126,25,0,
N,0,127,24,0,
4
F,132,26,10,-1179668580,1,
D,129,27,5,-707801148,1,
D,134,25,5,-707801148,1,
F,132,26,10,-1179668580,1,
0
