6
18,16,11,9,
1
26,25,
1
23,22,
R
3
22,20,0,
21,24,0,
22,21,0,
3
22,23,0,
21,19,0,
22,23,0,
1
A,5,0,19,23,0,
1
H,0,24,23,0,
0
0
1
39,11,14,7,
3
39,21,
45,15,
40,24,
1
41,22,
h
40,24,
R
3
41,22,0,
41,21,0,
42,13,0,
3
42,20,0,
43,15,0,
43,15,0,
0
1
S,0,44,23,0,
2
N,0,41,14,0,
S,0,44,22,0,
0
0
56,14,8,8,
1
63,15,
1
61,19,
E
0
0
0
5
H,0,60,16,0,
D,0,62,19,0,
S,0,59,20,0,
D,0,60,16,0,
D,0,57,16,0,
0
0
0
76,8,10,12,
2
79,8,
87,13,
1
81,11,
R
4
85,15,0,
82,12,0,
78,10,0,
79,15,0,
4
86,15,0,
77,14,0,
81,16,0,
81,13,0,
1
A,5,0,83,13,0,
0
0
5
D,85,11,5,-1603788869,1,
F,82,11,10,-1241325683,1,
F,81,14,10,-1241325683,1,
D,79,11,5,-1603788869,1,
F,80,10,10,-1241325683,1,
0
99,16,13,13,
2
109,28,
108,16,
2
0,0,
109,19,
R
5
106,23,0,
104,18,0,
107,22,0,
109,23,0,
106,22,0,
5
110,21,0,
108,27,0,
109,19,0,
106,25,0,
101,18,0,
1
A,5,0,108,22,0,
1
D,0,104,20,0,
1
S,0,102,21,0,
6
F,101,20,10,-1241325683,1,
F,104,19,10,-1241325683,1,
D,107,24,5,-1603788869,1,
D,101,22,5,-1603788869,1,
D,107,26,5,-1603788869,1,
D,108,19,5,-1603788869,1,
0
123,18,10,11,
1
130,18,
2
0,0,
130,25,
R
3
127,22,0,
127,24,0,
125,25,0,
3
130,24,0,
131,26,0,
132,26,0,
1
D,12,0,125,22,0,
1
D,0,127,20,0,
1
N,0,128,26,0,
4
D,130,25,5,-1603788869,1,
F,131,25,10,-1241325683,1,
F,131,22,10,-1241325683,1,
D,129,23,5,-1603788869,1,
0
